pigmyChimpanzee  0.471246708    0.789485166    0.969352014    0.968790357    0.866448802    0.965376344    0.954208461    0.928884987    0.967579409    0.951352531    0.964534378    0.961957683    0.964878259    0.964442493    0.961808604    0.969200524    0.960930641    0.964223003    0.963089396    0.970588235    0.969271291    0.966198420    0.960822937    0.964238988    0.960560911    0.887840211    0.965946300    0.962247586    0.928931783    0.963564530    0.966910185    0.965388828    0.962906058    0.972996516    
chimpanzee  0.789485166    0.460732984    0.958769634    0.964270340    0.864488017    0.959139785    0.950501526    0.920811518    0.962041885    0.948080279    0.963446475    0.961316521    0.969618617    0.951134380    0.955279232    0.963787086    0.958115183    0.958769634    0.962662684    0.964877836    0.961605585    0.959424084    0.962041885    0.957043175    0.953534031    0.884162304    0.957242583    0.958551483    0.926701571    0.958987784    0.953158573    0.960514834    0.960732984    0.967116725    
fruitBat  0.969352014    0.958769634    0.466506130    0.962117951    0.963180828    0.953333333    0.952245966    0.967600701    0.959938704    0.969677138    0.961923412    0.960675358    0.960784314    0.960376532    0.955998249    0.960463084    0.948555166    0.961252189    0.960315767    0.957968476    0.962784588    0.953152364    0.960822937    0.953336241    0.960376532    0.963660245    0.961798734    0.958625219    0.969570928    0.954903678    0.967339923    0.958625219    0.957092820    0.965810105    
wallaroo  0.968790357    0.964270340    0.962117951    0.480198020    0.962978907    0.964946237    0.961256995    0.978691347    0.967068446    0.973095136    0.963624623    0.970720239    0.952647439    0.959319845    0.960611279    0.966207490    0.961902712    0.961902712    0.962235972    0.969651313    0.961256995    0.966853207    0.964916057    0.963839862    0.955876022    0.967498924    0.964916057    0.971803702    0.964916057    0.960611279    0.961538462    0.962978907    0.966422729    0.964055101    
human  0.866448802    0.864488017    0.963180828    0.962978907    0.465795207    0.964301075    0.952723312    0.920261438    0.960348584    0.947494553    0.960617929    0.964308613    0.965524671    0.957298475    0.951633987    0.958169935    0.956427015    0.959477124    0.969063367    0.964052288    0.956427015    0.959259259    0.957734205    0.955991285    0.962962963    0.889106754    0.966448802    0.962091503    0.929847495    0.959694989    0.958530297    0.964052288    0.961437908    0.962761324    
cat  0.965376344    0.959139785    0.953333333    0.964946237    0.964301075    0.472903226    0.944086022    0.970752688    0.943870968    0.961075269    0.961720430    0.959606754    0.964516129    0.955483871    0.951612903    0.946236559    0.950322581    0.952688172    0.965009601    0.961505376    0.962150538    0.958709677    0.944301075    0.961720430    0.954408602    0.966021505    0.959569892    0.966666667    0.965161290    0.954623656    0.961323593    0.944301075    0.955913978    0.966881720    
indianRhinoceros  0.954208461    0.950501526    0.952245966    0.961256995    0.952723312    0.944086022    0.470344527    0.958787614    0.948975142    0.960095944    0.956266319    0.956614661    0.959706960    0.959005669    0.935237680    0.956170955    0.943523768    0.952027911    0.960742479    0.958133450    0.953336241    0.951155691    0.887047536    0.956825120    0.930004361    0.962058439    0.949847362    0.949847362    0.965547318    0.942433493    0.958530297    0.947448757    0.941997383    0.961236934    
orangutan  0.928884987    0.920811518    0.967600701    0.978691347    0.920261438    0.970752688    0.958787614    0.465808171    0.963636364    0.955933682    0.969321149    0.963240009    0.976082741    0.962629149    0.963916392    0.970729576    0.970368745    0.968887908    0.968209942    0.972024867    0.962033748    0.963143872    0.961698402    0.966637593    0.969982472    0.925680159    0.970093866    0.964515414    0.938802369    0.960896309    0.969703481    0.968674699    0.962280896    0.975391986    
harborSeal  0.967579409    0.962041885    0.959938704    0.967068446    0.960348584    0.943870968    0.948975142    0.963636364    0.478422782    0.964005236    0.961923412    0.963240009    0.971773325    0.962979189    0.951588171    0.949759720    0.950711939    0.956626506    0.962235972    0.969989047    0.961226725    0.952683461    0.950317356    0.963802878    0.948302300    0.967141292    0.957432875    0.955750274    0.964950712    0.954874042    0.959389772    0.792332968    0.958159912    0.966463415    
baboon  0.951352531    0.948080279    0.969677138    0.973095136    0.947494553    0.961075269    0.960095944    0.955933682    0.964005236    0.470549738    0.966710183    0.959393033    0.964231847    0.964005236    0.961387435    0.972294939    0.962914485    0.963132635    0.963942821    0.974694590    0.966404887    0.962914485    0.961823735    0.969908417    0.965532286    0.951570681    0.969022688    0.966404887    0.953534031    0.965532286    0.967125054    0.969240838    0.963132635    0.972996516    
elephant  0.964534378    0.963446475    0.961923412    0.963624623    0.960617929    0.961720430    0.956266319    0.969321149    0.961923412    0.966710183    0.466710183    0.964949776    0.962077139    0.964969539    0.963446475    0.963881636    0.956266319    0.961270670    0.962022616    0.968885988    0.963446475    0.962358573    0.955613577    0.961923412    0.961270670    0.967580505    0.963228895    0.963228895    0.970626632    0.954308094    0.961968199    0.959747607    0.960835509    0.961053090    
rabbit  0.961957683    0.961316521    0.960675358    0.970720239    0.964308613    0.959606754    0.956614661    0.963240009    0.963240009    0.959393033    0.964949776    0.457362684    0.966445822    0.955118615    0.955332336    0.961743962    0.954263732    0.961316521    0.957328782    0.964736055    0.963667450    0.958324428    0.953195127    0.955546057    0.954050011    0.963026288    0.959393033    0.961957683    0.970506518    0.955546057    0.956187219    0.963881171    0.960247916    0.961743962    
opossum  0.964878259    0.969618617    0.960784314    0.952647439    0.965524671    0.964516129    0.959706960    0.976082741    0.971773325    0.964231847    0.962077139    0.966445822    0.453135100    0.953027365    0.965740142    0.965309201    0.964878259    0.968325792    0.960315767    0.965093730    0.959922431    0.970480500    0.965955613    0.966817496    0.968541263    0.973066150    0.960999785    0.969403146    0.969834087    0.972635208    0.962183068    0.966602025    0.969834087    0.971342383    
squirrel  0.964442493    0.951134380    0.960376532    0.959319845    0.957298475    0.955483871    0.959005669    0.962629149    0.962979189    0.964005236    0.964969539    0.955118615    0.953027365    0.466036492    0.958012750    0.960244648    0.953687445    0.957792922    0.964156177    0.958232579    0.959331721    0.951637723    0.958853141    0.949847362    0.957712533    0.958232579    0.961362148    0.957353264    0.962491775    0.957820738    0.955951869    0.959036145    0.957573093    0.964721254    
horse  0.961808604    0.955279232    0.955998249    0.960611279    0.951633987    0.951612903    0.935237680    0.963916392    0.951588171    0.961387435    0.963446475    0.955332336    0.965740142    0.958012750    0.471507151    0.956531236    0.948639157    0.949394939    0.969490079    0.960616062    0.958195820    0.953795380    0.933683519    0.960968164    0.849474145    0.959515952    0.958960926    0.954235424    0.955472691    0.948594025    0.963472282    0.952683461    0.950715072    0.965592334    
dog  0.969200524    0.963787086    0.960463084    0.966207490    0.958169935    0.946236559    0.956170955    0.970729576    0.949759720    0.972294939    0.963881636    0.961743962    0.965309201    0.960244648    0.956531236    0.480340760    0.947575360    0.958060288    0.964582889    0.965923984    0.959589340    0.957404980    0.951288772    0.960095944    0.957404980    0.964394932    0.956559703    0.966797728    0.965268676    0.957404980    0.963472282    0.946701616    0.961992136    0.965810105    
pig  0.960930641    0.958115183    0.948555166    0.961902712    0.956427015    0.950322581    0.943523768    0.970368745    0.950711939    0.962914485    0.956266319    0.954263732    0.964878259    0.953687445    0.948639157    0.947575360    0.464442493    0.944249342    0.956475357    0.962686567    0.950834065    0.950395083    0.936966513    0.955952900    0.948290973    0.958077261    0.954158481    0.947761194    0.957227462    0.937664618    0.947571981    0.947207010    0.948200176    0.960583624    
hippopotamus  0.964223003    0.958769634    0.961252189    0.961902712    0.959477124    0.952688172    0.952027911    0.968887908    0.956626506    0.963132635    0.961270670    0.961316521    0.968325792    0.957792922    0.949394939    0.958060288    0.944249342    0.475728155    0.966503094    0.961606355    0.959841130    0.951897617    0.946596629    0.961622329    0.957493427    0.963371580    0.961580441    0.953883495    0.958762887    0.946836555    0.960249248    0.959474261    0.950573698    0.971254355    
platypus  0.963089396    0.962662684    0.960315767    0.962235972    0.969063367    0.965009601    0.960742479    0.968209942    0.962235972    0.963942821    0.962022616    0.957328782    0.960315767    0.964156177    0.969490079    0.964582889    0.956475357    0.966503094    0.461702582    0.964156177    0.960102411    0.963942821    0.965222957    0.961169191    0.965222957    0.967783230    0.956048645    0.962235972    0.966716450    0.957542138    0.966503094    0.967143162    0.964582889    0.961809260    
mouse  0.970588235    0.964877836    0.957968476    0.969651313    0.964052288    0.961505376    0.958133450    0.972024867    0.969989047    0.974694590    0.968885988    0.964736055    0.965093730    0.958232579    0.960616062    0.965923984    0.962686567    0.961606355    0.964156177    0.470127545    0.932516704    0.968673628    0.960604071    0.957479285    0.965162138    0.969033400    0.964854835    0.965180750    0.972362360    0.966827768    0.963472282    0.962102957    0.961615265    0.966027875    
rat  0.969271291    0.961605585    0.962784588    0.961256995    0.956427015    0.962150538    0.953336241    0.962033748    0.961226725    0.966404887    0.963446475    0.963667450    0.959922431    0.959331721    0.958195820    0.959589340    0.950834065    0.959841130    0.960102411    0.932516704    0.466146993    0.960675405    0.956883344    0.961404274    0.947852761    0.965494360    0.959615804    0.965402528    0.959859618    0.958260105    0.958745165    0.963198248    0.958065232    0.962325784    
cow  0.966198420    0.959424084    0.953152364    0.966853207    0.959259259    0.958709677    0.951155691    0.963143872    0.952683461    0.962914485    0.962358573    0.958324428    0.970480500    0.951637723    0.953795380    0.957404980    0.950395083    0.951897617    0.963942821    0.968673628    0.960675405    0.475894246    0.947472095    0.956170955    0.953111306    0.963946030    0.958524340    0.956531382    0.973020399    0.912785589    0.955522131    0.954654984    0.951408919    0.964939024    
whiteRhinoceros  0.960822937    0.962041885    0.960822937    0.964916057    0.957734205    0.944301075    0.887047536    0.961698402    0.950317356    0.961823735    0.955613577    0.953195127    0.965955613    0.958853141    0.933683519    0.951288772    0.936966513    0.946596629    0.965222957    0.960604071    0.956883344    0.947472095    0.469249289    0.957697340    0.936309915    0.961479536    0.951102379    0.953162618    0.965200263    0.943751368    0.965620971    0.946158897    0.950973955    0.960365854    
fatDormouse  0.964238988    0.957043175    0.953336241    0.963839862    0.955991285    0.961720430    0.956825120    0.966637593    0.963802878    0.969908417    0.961923412    0.955546057    0.966817496    0.949847362    0.960968164    0.960095944    0.955952900    0.961622329    0.961169191    0.957479285    0.961404274    0.956170955    0.957697340    0.476232010    0.959223724    0.964675098    0.959877889    0.963148713    0.967945922    0.950283471    0.961753330    0.961622329    0.962058439    0.959277003    
donkey  0.960560911    0.953534031    0.960376532    0.955876022    0.962962963    0.954408602    0.930004361    0.969982472    0.948302300    0.965532286    0.961270670    0.954050011    0.968541263    0.957712533    0.849474145    0.957404980    0.948290973    0.957493427    0.965222957    0.965162138    0.947852761    0.953111306    0.936309915    0.959223724    0.476993865    0.959903593    0.953067016    0.953549518    0.962313760    0.950262927    0.957455952    0.950273823    0.952234882    0.964285714    
gorilla  0.887840211    0.884162304    0.963660245    0.967498924    0.889106754    0.966021505    0.962058439    0.925680159    0.967141292    0.951570681    0.967580505    0.963026288    0.973066150    0.958232579    0.959515952    0.964394932    0.958077261    0.963371580    0.967783230    0.969033400    0.965494360    0.963946030    0.961479536    0.964675098    0.959903593    0.471355895    0.963981663    0.966157930    0.933976749    0.961775044    0.961968199    0.966046002    0.960849370    0.972343206    
aardvark  0.965946300    0.957242583    0.961798734    0.964916057    0.966448802    0.959569892    0.949847362    0.970093866    0.957432875    0.969022688    0.963228895    0.959393033    0.960999785    0.961362148    0.958960926    0.956559703    0.954158481    0.961580441    0.956048645    0.964854835    0.959615804    0.958524340    0.951102379    0.959877889    0.953067016    0.963981663    0.473913993    0.959397511    0.962235320    0.958960926    0.957670821    0.962017027    0.954158481    0.961236934    
finWhale  0.962247586    0.958551483    0.958625219    0.971803702    0.962091503    0.966666667    0.949847362    0.964515414    0.955750274    0.966404887    0.963228895    0.961957683    0.969403146    0.957353264    0.954235424    0.966797728    0.947761194    0.953883495    0.962235972    0.965180750    0.965402528    0.956531382    0.953162618    0.963148713    0.953549518    0.966157930    0.959397511    0.480594367    0.963588506    0.950131810    0.967554792    0.960788609    0.855178532    0.961890244    
gibbon  0.928931783    0.926701571    0.969570928    0.964916057    0.929847495    0.965161290    0.965547318    0.938802369    0.964950712    0.953534031    0.970626632    0.970506518    0.969834087    0.962491775    0.955472691    0.965268676    0.957227462    0.958762887    0.966716450    0.972362360    0.959859618    0.973020399    0.965200263    0.967945922    0.962313760    0.933976749    0.962235320    0.963588506    0.468304453    0.965562623    0.963472282    0.962979189    0.965343277    0.969947735    
sheep  0.963564530    0.958987784    0.954903678    0.960611279    0.959694989    0.954623656    0.942433493    0.960896309    0.954874042    0.965532286    0.954308094    0.955546057    0.972635208    0.957820738    0.948594025    0.957404980    0.937664618    0.946836555    0.957542138    0.966827768    0.958260105    0.912785589    0.943751368    0.950283471    0.950262927    0.961775044    0.958960926    0.950131810    0.965562623    0.459138840    0.964546627    0.957940854    0.947715290    0.960583624    
armadillo  0.966910185    0.953158573    0.967339923    0.961538462    0.958530297    0.961323593    0.958530297    0.969703481    0.959389772    0.967125054    0.961968199    0.956187219    0.962183068    0.955951869    0.963472282    0.963472282    0.947571981    0.960249248    0.966503094    0.963472282    0.958745165    0.955522131    0.965620971    0.961753330    0.957455952    0.961968199    0.957670821    0.967554792    0.963472282    0.964546627    0.459174903    0.964976364    0.965835840    0.963042544    
graySeal  0.965388828    0.960514834    0.958625219    0.962978907    0.964052288    0.944301075    0.947448757    0.968674699    0.792332968    0.969240838    0.959747607    0.963881171    0.966602025    0.959036145    0.952683461    0.946701616    0.947207010    0.959474261    0.967143162    0.962102957    0.963198248    0.954654984    0.946158897    0.961622329    0.950273823    0.966046002    0.962017027    0.960788609    0.962979189    0.957940854    0.964976364    0.474479737    0.959912377    0.960148084    
blueWhale  0.962906058    0.960732984    0.957092820    0.966422729    0.961437908    0.955913978    0.941997383    0.962280896    0.958159912    0.963132635    0.960835509    0.960247916    0.969834087    0.957573093    0.950715072    0.961992136    0.948200176    0.950573698    0.964582889    0.961615265    0.958065232    0.951408919    0.950973955    0.962058439    0.952234882    0.960849370    0.954158481    0.855178532    0.965343277    0.947715290    0.965835840    0.959912377    0.474151320    0.963196864    
guineaPig  0.972996516    0.967116725    0.965810105    0.964055101    0.962761324    0.966881720    0.961236934    0.975391986    0.966463415    0.972996516    0.961053090    0.961743962    0.971342383    0.964721254    0.965592334    0.965810105    0.960583624    0.971254355    0.961809260    0.966027875    0.962325784    0.964939024    0.960365854    0.959277003    0.964285714    0.972343206    0.961236934    0.961890244    0.969947735    0.960583624    0.963042544    0.960148084    0.963196864    0.478876307    
