purple  0.000487120    0.648449294    0.452657770    0.488733446    0.573902246    0.503737001    0.496699439    0.570745774    0.650808576    0.634676556    0.405513889    0.584623203    0.848761194    0.620337618    0.462114149    0.673875088    0.453671561    0.728067309    0.631162584    0.380364882    0.618880025    
three  0.648449294    -0.000421700    0.527802035    0.498462930    0.436441971    0.608629228    0.493294142    0.458711544    0.378024289    0.379904768    0.587567793    0.430337159    0.956474553    0.337612397    0.849868546    0.304763588    0.512927896    0.424770652    0.526682439    0.606131321    0.304489751    
blue  0.452657770    0.527802035    0.000000000    0.324218809    0.484454986    0.636297505    0.371965857    0.424110541    0.545468111    0.506793143    0.402150397    0.478041078    0.923793578    0.493882761    0.636879235    0.555832515    0.326270678    0.622448061    0.528392197    0.428767552    0.493878184    
red  0.488733446    0.498462930    0.324218809    0.000000000    0.493393079    0.640731659    0.373370914    0.430133292    0.520666634    0.480305394    0.439472523    0.487576320    0.933384758    0.477376998    0.664700691    0.527488235    0.370729394    0.594943261    0.548918641    0.467812121    0.468654265    
eight  0.573902246    0.436441971    0.484454986    0.493393079    -0.009104526    0.588127978    0.482933064    0.526339225    0.518677430    0.369571293    0.515986788    0.292468434    0.909414388    0.373322177    0.825941384    0.491161636    0.459062111    0.588452840    0.466842429    0.537095131    0.384722217    
transparent  0.503737001    0.608629228    0.636297505    0.640731659    0.588127978    -0.000357683    0.632254345    0.686775138    0.618487066    0.624207811    0.668579384    0.608683388    0.919315023    0.608187604    0.785667805    0.635946321    0.613327600    0.699237545    0.520372020    0.669386472    0.597071429    
black  0.496699439    0.493294142    0.371965857    0.373370914    0.482933064    0.632254345    0.031330141    0.355846672    0.503736024    0.473941899    0.450565699    0.473446968    0.926779751    0.465345667    0.664564535    0.514118924    0.399726837    0.603796794    0.532371599    0.495515734    0.444519465    
white  0.570745774    0.458711544    0.424110541    0.430133292    0.526339225    0.686775138    0.355846672    0.000550684    0.457021912    0.504701492    0.488523852    0.514440203    0.974259889    0.461314021    0.716303301    0.476952184    0.460740835    0.556687703    0.590507909    0.550597541    0.428479898    
small  0.650808576    0.378024289    0.545468111    0.520666634    0.518677430    0.618487066    0.503736024    0.457021912    0.000000000    0.492719394    0.596619962    0.518467456    0.973868421    0.442181366    0.826496130    0.410932415    0.535639202    0.483682334    0.551737681    0.624483169    0.416870795    
six  0.634676556    0.379904768    0.506793143    0.480305394    0.369571293    0.624207811    0.473941899    0.504701492    0.492719394    0.036174452    0.581989387    0.369417648    0.957563472    0.322125742    0.795912751    0.452068543    0.496293370    0.557995699    0.524637927    0.594864012    0.345427673    
yellow  0.405513889    0.587567793    0.402150397    0.439472523    0.515986788    0.668579384    0.450565699    0.488523852    0.596619962    0.581989387    0.000000000    0.525056405    0.881394802    0.567968280    0.575777020    0.625738109    0.381444093    0.681228585    0.579262873    0.382328959    0.568724768    
seven  0.584623203    0.430337159    0.478041078    0.487576320    0.292468434    0.608683388    0.473446968    0.514440203    0.518467456    0.369417648    0.525056405    0.001143529    0.914836990    0.372557522    0.818107667    0.489253159    0.440750253    0.580324903    0.491744525    0.533807136    0.387199708    
fortytwo  0.848761194    0.956474553    0.923793578    0.933384758    0.909414388    0.919315023    0.926779751    0.974259889    0.973868421    0.957563472    0.881394802    0.914836990    0.006463011    0.968371322    0.879969962    0.980377997    0.912534328    0.968560985    0.870959195    0.880883579    0.963982753    
five  0.620337618    0.337612397    0.493882761    0.477376998    0.373322177    0.608187604    0.465345667    0.461314021    0.442181366    0.322125742    0.567968280    0.372557522    0.968371322    -0.000614612    0.829137610    0.401919003    0.482636848    0.501510172    0.525407847    0.584943332    0.292168958    
chartreuse  0.462114149    0.849868546    0.636879235    0.664700691    0.825941384    0.785667805    0.664564535    0.716303301    0.826496130    0.795912751    0.575777020    0.818107667    0.879969962    0.829137610    0.019365540    0.858322827    0.622419023    0.896060839    0.817216982    0.537675608    0.798047232    
two  0.673875088    0.304763588    0.555832515    0.527488235    0.491161636    0.635946321    0.514118924    0.476952184    0.410932415    0.452068543    0.625738109    0.489253159    0.980377997    0.401919003    0.858322827    0.003181398    0.550656466    0.355222666    0.558801943    0.643994701    0.370842611    
green  0.453671561    0.512927896    0.326270678    0.370729394    0.459062111    0.613327600    0.399726837    0.460740835    0.535639202    0.496293370    0.381444093    0.440750253    0.912534328    0.482636848    0.622419023    0.550656466    -0.011748825    0.609951970    0.525423217    0.408536961    0.479134857    
one  0.728067309    0.424770652    0.622448061    0.594943261    0.588452840    0.699237545    0.603796794    0.556687703    0.483682334    0.557995699    0.681228585    0.580324903    0.968560985    0.501510172    0.896060839    0.355222666    0.609951970    0.000000000    0.637731087    0.687808136    0.480307483    
zero  0.631162584    0.526682439    0.528392197    0.548918641    0.466842429    0.520372020    0.532371599    0.590507909    0.551737681    0.524637927    0.579262873    0.491744525    0.870959195    0.525407847    0.817216982    0.558801943    0.525423217    0.637731087    -0.000982716    0.592458951    0.507188185    
orange  0.380364882    0.606131321    0.428767552    0.467812121    0.537095131    0.669386472    0.495515734    0.550597541    0.624483169    0.594864012    0.382328959    0.533807136    0.880883579    0.584943332    0.537675608    0.643994701    0.408536961    0.687808136    0.592458951    -0.007448948    0.578658293    
four  0.618880025    0.304489751    0.493878184    0.468654265    0.384722217    0.597071429    0.444519465    0.428479898    0.416870795    0.345427673    0.568724768    0.387199708    0.963982753    0.292168958    0.798047232    0.370842611    0.479134857    0.480307483    0.507188185    0.578658293    -0.009882465    
