bush-911-address  0.250777847    0.948913315    0.874299938    0.897593897    0.882445141    0.802115744    0.944588540    0.944890077    0.917999632    0.880937302    0.940547298    0.826384568    0.907729339    0.970172031    0.909705456    0.824530516    0.916604755    0.904157044    
mlk-mountaintop  0.948913315    0.271921059    0.969522858    0.922433175    0.923057707    0.941793655    0.875972648    0.922433175    0.907069698    0.933175119    0.914813890    0.957032226    0.933050212    0.917660932    0.916437672    0.940544592    0.921059206    0.926679990    
lincoln-gettysburg  0.874299938    0.969522858    0.231404959    0.930164319    0.929467085    0.851774530    0.968167885    0.967320261    0.955138812    0.921785940    0.963744965    0.877998629    0.936614068    0.983004994    0.943505553    0.876173709    0.956723626    0.939953811    
mlk-i-have-a-dream  0.897593897    0.922433175    0.930164319    0.246478873    0.883509390    0.902875587    0.927493516    0.930926916    0.905313477    0.866784038    0.929851368    0.916373239    0.884995988    0.957061598    0.881216803    0.902875587    0.916790490    0.895381062    
edkennedy-RFK-eulogy  0.882445141    0.923057707    0.929467085    0.883509390    0.277115987    0.885579937    0.916529120    0.916666667    0.887663173    0.838557994    0.920683428    0.903134796    0.867611661    0.954911210    0.872042492    0.885579937    0.897845468    0.878983834    
rfk-mlk-assassination  0.802115744    0.941793655    0.851774530    0.902875587    0.885579937    0.215031315    0.948243339    0.949346405    0.924986211    0.886637112    0.948187248    0.820424949    0.914148168    0.969270255    0.910429744    0.808098592    0.928306092    0.918475751    
reagan-evil-empire  0.944588540    0.875972648    0.968167885    0.927493516    0.916529120    0.948243339    0.290969111    0.904385758    0.886229663    0.919240745    0.890709738    0.950719170    0.916411224    0.920643729    0.906507899    0.941523226    0.897783542    0.909455317    
troosevelt-muckrake  0.944890077    0.922433175    0.967320261    0.930926916    0.916666667    0.949346405    0.904385758    0.286541889    0.897058824    0.922905526    0.892485067    0.950386215    0.904486037    0.952760821    0.912210339    0.955139632    0.904337493    0.893939394    
reagan-first-inaugural  0.917999632    0.907069698    0.955138812    0.905313477    0.887663173    0.924986211    0.886229663    0.897058824    0.278543850    0.878102592    0.895263231    0.927560213    0.890237176    0.940552164    0.873873874    0.923883067    0.864497150    0.870196727    
jfk-inaugural-address  0.880937302    0.933175119    0.921785940    0.866784038    0.838557994    0.886637112    0.919240745    0.922905526    0.878102592    0.260291324    0.912348937    0.901519949    0.871088526    0.958795782    0.878561082    0.891070298    0.887072808    0.867898383    
wilson-war-message  0.940547298    0.914813890    0.963744965    0.929851368    0.920683428    0.948187248    0.890709738    0.892485067    0.895263231    0.912348937    0.284067232    0.944436727    0.894568690    0.948182575    0.908181692    0.949576330    0.891373802    0.889429087    
fdr-pearl-harbor  0.826384568    0.957032226    0.877998629    0.916373239    0.903134796    0.820424949    0.950719170    0.950386215    0.927560213    0.901519949    0.944436727    0.246058944    0.922171704    0.972946726    0.923466924    0.842723005    0.919576523    0.918706697    
wilson-inaugural  0.907729339    0.933050212    0.936614068    0.884995988    0.867611661    0.914148168    0.916411224    0.904486037    0.890237176    0.871088526    0.894568690    0.922171704    0.278684140    0.955604883    0.873008209    0.913345814    0.905460624    0.861662818    
mx-ballot-or-bullet  0.970172031    0.917660932    0.983004994    0.957061598    0.954911210    0.969270255    0.920643729    0.952760821    0.940552164    0.958795782    0.948182575    0.972946726    0.955604883    0.277261376    0.945130411    0.970796337    0.948390677    0.955119312    
jfk-civil-rights-address  0.909705456    0.916437672    0.943505553    0.881216803    0.872042492    0.910429744    0.906507899    0.912210339    0.873873874    0.878561082    0.908181692    0.923466924    0.873008209    0.945130411    0.262433607    0.912361178    0.876485884    0.859584296    
reagan-challenger  0.824530516    0.940544592    0.876173709    0.902875587    0.885579937    0.808098592    0.941523226    0.955139632    0.923883067    0.891070298    0.949576330    0.842723005    0.913345814    0.970796337    0.912361178    0.234154930    0.933878158    0.921016166    
jfk-cuban-missile-crisis  0.916604755    0.921059206    0.956723626    0.916790490    0.897845468    0.928306092    0.897783542    0.904337493    0.864497150    0.887072808    0.891373802    0.919576523    0.905460624    0.948390677    0.876485884    0.933878158    0.270802377    0.875000000    
fdr-first-inaugural  0.904157044    0.926679990    0.939953811    0.895381062    0.878983834    0.918475751    0.909455317    0.893939394    0.870196727    0.867898383    0.889429087    0.918706697    0.861662818    0.955119312    0.859584296    0.921016166    0.875000000    0.282909931    
